16
-1 -2 0.265446658
-1 2 0.000017331
-1 -3 0.533238197
-1 3 0.000000017
-1 -4 0.003350723
-1 4 0.000638885
-1 -5 0.000113145
-1 5 0.001375323
-1 -6 0.001403336
-1 6 0.000260076
-1 -7 0.034059411
-1 7 0.000002073
-1 -8 0.004167214
-1 8 0.000112065
-1 -9 0.082459950
-1 9 0.000000000
-1 -10 0.000001726
-1 10 0.001550808
-1 -11 0.009239015
-1 11 0.000049035
-1 -12 0.000081080
-1 12 0.000156084
-1 -13 0.030889008
-1 13 0.000069044
-1 -14 0.000200548
-1 14 0.000045780
-1 -15 0.003397096
-1 15 0.000044574
-1 -16 0.027631583
-1 16 0.000000216
1 -2 0.000005588
1 2 0.031499950
1 -3 0.000000000
1 3 0.000000003
1 -4 0.026457111
1 4 0.016780798
1 -5 0.035704510
1 5 0.149463167
1 -6 0.000009039
1 6 0.001377195
1 -7 0.000000000
1 7 0.205790169
1 -8 0.000004759
1 8 0.126229248
1 -9 0.001069801
1 9 0.046472760
1 -10 0.000000011
1 10 0.000000001
1 -11 0.057962715
1 11 0.018118725
1 -12 0.000001831
1 12 0.076036312
1 -13 0.000437538
1 13 0.015821386
1 -14 0.032910679
1 14 0.076809741
1 -15 0.005672078
1 15 0.070952009
1 -16 0.003424061
1 16 0.000988815
-2 -1 0.000209529
-2 1 0.000047071
-2 -3 0.020083648
-2 3 0.000000276
-2 -4 0.011692896
-2 4 0.009729539
-2 -5 0.000932875
-2 5 0.061983162
-2 -6 0.006677332
-2 6 0.003715444
-2 -7 0.211298443
-2 7 0.000000897
-2 -8 0.027279599
-2 8 0.000722371
-2 -9 0.314354262
-2 9 0.000000000
-2 -10 0.000019000
-2 10 0.024428904
-2 -11 0.080896697
-2 11 0.000832773
-2 -12 0.005646857
-2 12 0.009922399
-2 -13 0.152798306
-2 13 0.000059780
-2 -14 0.002696951
-2 14 0.001192559
-2 -15 0.041776547
-2 15 0.000780220
-2 -16 0.010221105
-2 16 0.000000559
2 -1 0.000549851
2 1 0.192757006
2 -3 0.000000332
2 3 0.005239168
2 -4 0.033420877
2 4 0.040962359
2 -5 0.013461412
2 5 0.202261678
2 -6 0.000074359
2 6 0.000811197
2 -7 0.000000003
2 7 0.008489702
2 -8 0.000032239
2 8 0.000494370
2 -9 0.013374237
2 9 0.000584850
2 -10 0.000000000
2 10 0.000000000
2 -11 0.055344868
2 11 0.026810553
2 -12 0.000000003
2 12 0.248068940
2 -13 0.001220589
2 13 0.002311171
2 -14 0.004145321
2 14 0.079699814
2 -15 0.002416279
2 15 0.025555981
2 -16 0.037633845
2 16 0.004278997
-3 -1 0.000001072
-3 1 0.000016120
-3 -2 0.282186116
-3 2 0.000088494
-3 -4 0.094900558
-3 4 0.000399171
-3 -5 0.000590890
-3 5 0.011116541
-3 -6 0.038092034
-3 6 0.000058693
-3 -7 0.196722097
-3 7 0.000001166
-3 -8 0.026198055
-3 8 0.000293570
-3 -9 0.187048933
-3 9 0.000000000
-3 -10 0.000014424
-3 10 0.011621885
-3 -11 0.036346442
-3 11 0.000411275
-3 -12 0.000444206
-3 12 0.002165353
-3 -13 0.061207915
-3 13 0.000304544
-3 -14 0.000857974
-3 14 0.000316097
-3 -15 0.010858169
-3 15 0.000592981
-3 -16 0.037143406
-3 16 0.000001818
3 -1 0.000001849
3 1 0.353687306
3 -2 0.000029195
3 2 0.309663742
3 -4 0.000005984
3 4 0.000000435
3 -5 0.001214919
3 5 0.030693500
3 -6 0.000000000
3 6 0.000000005
3 -7 0.000000002
3 7 0.077820187
3 -8 0.000006112
3 8 0.012521560
3 -9 0.013863969
3 9 0.000148361
3 -10 0.000000000
3 10 0.000000000
3 -11 0.074387615
3 11 0.001282453
3 -12 0.000005868
3 12 0.043052175
3 -13 0.007577916
3 13 0.003158041
3 -14 0.011233457
3 14 0.002586955
3 -15 0.024967150
3 15 0.000294868
3 -16 0.031753775
3 16 0.000042601
-4 -1 0.119165447
-4 1 0.000034155
-4 -2 0.153189423
-4 2 0.000268513
-4 -3 0.031018878
-4 3 0.000027048
-4 -5 0.101552230
-4 5 0.000117489
-4 -6 0.201132469
-4 6 0.000126742
-4 -7 0.006725951
-4 7 0.000001242
-4 -8 0.001298837
-4 8 0.000215755
-4 -9 0.025326191
-4 9 0.000000000
-4 -10 0.020182699
-4 10 0.000944311
-4 -11 0.115083036
-4 11 0.000578439
-4 -12 0.013801929
-4 12 0.007537441
-4 -13 0.077162622
-4 13 0.010722147
-4 -14 0.010563831
-4 14 0.006269556
-4 -15 0.027221559
-4 15 0.003918368
-4 -16 0.063989532
-4 16 0.001824159
4 -1 0.070878154
4 1 0.012453296
4 -2 0.032398250
4 2 0.008123784
4 -3 0.001988072
4 3 0.094260333
4 -5 0.000000001
4 5 0.039646922
4 -6 0.000000000
4 6 0.534641530
4 -7 0.000012676
4 7 0.012587359
4 -8 0.000010918
4 8 0.060806612
4 -9 0.005990679
4 9 0.000221535
4 -10 0.000000000
4 10 0.000000000
4 -11 0.017009936
4 11 0.000262877
4 -12 0.000009331
4 12 0.015473490
4 -13 0.009271268
4 13 0.000538943
4 -14 0.000017307
4 14 0.000413465
4 -15 0.001526122
4 15 0.000049350
4 -16 0.081170411
4 16 0.000237379
-5 -1 0.140390141
-5 1 0.000773471
-5 -2 0.056113049
-5 2 0.011390896
-5 -3 0.095751730
-5 3 0.012247483
-5 -4 0.148962943
-5 4 0.000000809
-5 -6 0.096244129
-5 6 0.000015225
-5 -7 0.040815621
-5 7 0.002197702
-5 -8 0.049836554
-5 8 0.000009426
-5 -9 0.094392428
-5 9 0.000000000
-5 -10 0.096392154
-5 10 0.000035622
-5 -11 0.000941421
-5 11 0.000038851
-5 -12 0.147360067
-5 12 0.000169567
-5 -13 0.001720129
-5 13 0.003012336
-5 -14 0.000000000
-5 14 0.000000000
-5 -15 0.000000002
-5 15 0.000001803
-5 -16 0.000130670
-5 16 0.001055770
5 -1 0.023074285
5 1 0.000005774
5 -2 0.004158263
5 2 0.000019105
5 -3 0.004722238
5 3 0.000014168
5 -4 0.000001436
5 4 0.086557387
5 -6 0.000009307
5 6 0.011635707
5 -7 0.000008559
5 7 0.000000204
5 -8 0.000054552
5 8 0.000798818
5 -9 0.000668097
5 9 0.000002515
5 -10 0.000000000
5 10 0.000000002
5 -11 0.001346412
5 11 0.025222699
5 -12 0.000001385
5 12 0.247527109
5 -13 0.001701515
5 13 0.001256699
5 -14 0.000000000
5 14 0.541790666
5 -15 0.000039851
5 15 0.030119902
5 -16 0.019220917
5 16 0.000042428
-6 -1 0.029936431
-6 1 0.000022291
-6 -2 0.032326681
-6 2 0.000219736
-6 -3 0.018867374
-6 3 0.000000581
-6 -4 0.198553498
-6 4 0.000000000
-6 -5 0.016376287
-6 5 0.000557839
-6 -7 0.000034245
-6 7 0.000000000
-6 -8 0.000000905
-6 8 0.000000201
-6 -9 0.000610936
-6 9 0.000000000
-6 -10 0.442575799
-6 10 0.000103399
-6 -11 0.096673885
-6 11 0.001275862
-6 -12 0.030430401
-6 12 0.003209304
-6 -13 0.035869952
-6 13 0.004595177
-6 -14 0.022444894
-6 14 0.000862472
-6 -15 0.038858316
-6 15 0.000384822
-6 -16 0.025200832
-6 16 0.000007878
6 -1 0.038387579
6 1 0.014058353
6 -2 0.015254940
6 2 0.019969082
6 -3 0.000402840
6 3 0.199859688
6 -4 0.000000001
6 4 0.000000004
6 -5 0.000000146
6 5 0.042462006
6 -7 0.000000349
6 7 0.095440118
6 -8 0.000000037
6 8 0.431881811
6 -9 0.000756062
6 9 0.010958399
6 -10 0.000000000
6 10 0.000000000
6 -11 0.016813573
6 11 0.000139458
6 -12 0.000001924
6 12 0.023693869
6 -13 0.008141661
6 13 0.001417516
6 -14 0.000007413
6 14 0.001190074
6 -15 0.000788398
6 15 0.000104595
6 -16 0.075558688
6 16 0.002711414
-7 -1 0.000299005
-7 1 0.000003888
-7 -2 0.000609614
-7 2 0.000204610
-7 -3 0.000551644
-7 3 0.000004660
-7 -4 0.065343649
-7 4 0.008236967
-7 -5 0.002303170
-7 5 0.095222518
-7 -6 0.152215821
-7 6 0.000308061
-7 -8 0.529474072
-7 8 0.000000262
-7 -9 0.000191655
-7 9 0.000000000
-7 -10 0.003008804
-7 10 0.023349571
-7 -11 0.034944434
-7 11 0.003140476
-7 -12 0.006314291
-7 12 0.022216107
-7 -13 0.011933244
-7 13 0.000228760
-7 -14 0.007038426
-7 14 0.003198060
-7 -15 0.026705917
-7 15 0.001226939
-7 -16 0.001724443
-7 16 0.000000932
7 -1 0.000051637
7 1 0.003965027
7 -2 0.000001394
7 2 0.131697613
7 -3 0.000000059
7 3 0.053207949
7 -4 0.000003825
7 4 0.000058131
7 -5 0.000001188
7 5 0.083369031
7 -6 0.000000000
7 6 0.000000001
7 -8 0.000000000
7 8 0.000000000
7 -9 0.000000000
7 9 0.505952518
7 -10 0.000000000
7 10 0.000000000
7 -11 0.000331006
7 11 0.003056608
7 -12 0.000000000
7 12 0.092581068
7 -13 0.000002154
7 13 0.074304953
7 -14 0.000000605
7 14 0.012446767
7 -15 0.000017426
7 15 0.003939797
7 -16 0.001645928
7 16 0.033365315
-8 -1 0.001967017
-8 1 0.000008402
-8 -2 0.001809943
-8 2 0.001439757
-8 -3 0.003074256
-8 3 0.000032712
-8 -4 0.188458775
-8 4 0.000950030
-8 -5 0.006184761
-8 5 0.024756718
-8 -6 0.477518540
-8 6 0.000003332
-8 -7 0.000002210
-8 7 0.000000005
-8 -9 0.000000266
-8 9 0.000000000
-8 -10 0.181720998
-8 10 0.000926681
-8 -11 0.027667771
-8 11 0.004768394
-8 -12 0.009781836
-8 12 0.016654991
-8 -13 0.008443933
-8 13 0.000683139
-8 -14 0.012845956
-8 14 0.000678553
-8 -15 0.027131001
-8 15 0.000397649
-8 -16 0.002071512
-8 16 0.000020862
8 -1 0.004539952
8 1 0.006586982
8 -2 0.000868582
8 2 0.030856631
8 -3 0.000120049
8 3 0.056708093
8 -4 0.000010519
8 4 0.000028782
8 -5 0.000000210
8 5 0.088250529
8 -6 0.000000000
8 6 0.000000000
8 -7 0.000000000
8 7 0.472872102
8 -9 0.000000020
8 9 0.221436726
8 -10 0.000000000
8 10 0.000000000
8 -11 0.002564545
8 11 0.000515343
8 -12 0.000000010
8 12 0.057083245
8 -13 0.000293397
8 13 0.018411436
8 -14 0.000000567
8 14 0.011283238
8 -15 0.000049107
8 15 0.000356802
8 -16 0.025453081
8 16 0.001710052
-9 -1 0.000469023
-9 1 0.000136199
-9 -2 0.001084214
-9 2 0.003407946
-9 -3 0.002169408
-9 3 0.000728650
-9 -4 0.007756428
-9 4 0.021073765
-9 -5 0.000751479
-9 5 0.054528456
-9 -6 0.015628153
-9 6 0.002101316
-9 -7 0.482670842
-9 7 0.000000002
-9 -8 0.316267720
-9 8 0.000000468
-9 -10 0.010414093
-9 10 0.014483913
-9 -11 0.014260570
-9 11 0.001155572
-9 -12 0.004102556
-9 12 0.016543614
-9 -13 0.005064935
-9 13 0.000335341
-9 -14 0.004371772
-9 14 0.001445241
-9 -15 0.018414765
-9 15 0.000420998
-9 -16 0.000206027
-9 16 0.000006532
9 -1 0.000093817
9 1 0.005611750
9 -2 0.000001783
9 2 0.092277469
9 -3 0.000003659
9 3 0.027872174
9 -4 0.000400801
9 4 0.000201054
9 -5 0.000000464
9 5 0.190196111
9 -6 0.000000000
9 6 0.000000103
9 -7 0.000000000
9 7 0.000000002
9 -8 0.000000000
9 8 0.000000000
9 -10 0.000000000
9 10 0.000000000
9 -11 0.000005565
9 11 0.061637048
9 -12 0.000000000
9 12 0.162340918
9 -13 0.000000010
9 13 0.222059152
9 -14 0.000000002
9 14 0.128560530
9 -15 0.000000029
9 15 0.081300131
9 -16 0.000377701
9 16 0.027059727
-10 -1 0.100878063
-10 1 0.000186090
-10 -2 0.094167098
-10 2 0.000014791
-10 -3 0.092864988
-10 3 0.000183037
-10 -4 0.237204783
-10 4 0.000103975
-10 -5 0.017033947
-10 5 0.000040365
-10 -6 0.000000824
-10 6 0.000000778
-10 -7 0.000994067
-10 7 0.000000000
-10 -8 0.000000129
-10 8 0.000000000
-10 -9 0.001438660
-10 9 0.000000000
-10 -11 0.143453428
-10 11 0.000002818
-10 -12 0.156737102
-10 12 0.000041127
-10 -13 0.065686088
-10 13 0.000022360
-10 -14 0.020605624
-10 14 0.000003861
-10 -15 0.051379389
-10 15 0.000000072
-10 -16 0.016954698
-10 16 0.000001839
10 -1 0.004535574
10 1 0.000554060
10 -2 0.001035052
10 2 0.013158740
10 -3 0.000506594
10 3 0.001236243
10 -4 0.000009429
10 4 0.287973816
10 -5 0.000000080
10 5 0.229765926
10 -6 0.000000033
10 6 0.209832071
10 -7 0.000002396
10 7 0.009793388
10 -8 0.000000205
10 8 0.116672550
10 -9 0.000129127
10 9 0.015112838
10 -11 0.000541573
10 11 0.004643109
10 -12 0.000000753
10 12 0.083646182
10 -13 0.000351899
10 13 0.001366419
10 -14 0.000001026
10 14 0.006092063
10 -15 0.000038489
10 15 0.005065568
10 -16 0.007760371
10 16 0.000174425
-11 -1 0.029239406
-11 1 0.001652398
-11 -2 0.017415594
-11 2 0.001483131
-11 -3 0.013295223
-11 3 0.000351297
-11 -4 0.005288041
-11 4 0.014812902
-11 -5 0.004071769
-11 5 0.002905940
-11 -6 0.000781959
-11 6 0.004420716
-11 -7 0.009826739
-11 7 0.000027557
-11 -8 0.003962167
-11 8 0.000878953
-11 -9 0.055534128
-11 9 0.000000000
-11 -10 0.000054476
-11 10 0.013713683
-11 -12 0.302665513
-11 12 0.000021978
-11 -13 0.009367086
-11 13 0.000060617
-11 -14 0.115101564
-11 14 0.000000730
-11 -15 0.393050801
-11 15 0.000000356
-11 -16 0.000014865
-11 16 0.000000413
11 -1 0.121963228
11 1 0.000649364
11 -2 0.030884172
11 2 0.009911015
11 -3 0.052753153
11 3 0.017012067
11 -4 0.038360764
11 4 0.187548562
11 -5 0.000332238
11 5 0.000006147
11 -6 0.007295168
11 6 0.073277450
11 -7 0.000004167
11 7 0.006149193
11 -8 0.000998861
11 8 0.009844402
11 -9 0.003876700
11 9 0.001991593
11 -10 0.000000000
11 10 0.000000002
11 -12 0.000000000
11 12 0.000000517
11 -13 0.000000068
11 13 0.390135623
11 -14 0.000000000
11 14 0.000401022
11 -15 0.000000108
11 15 0.000519313
11 -16 0.011761847
11 16 0.034323257
-12 -1 0.296114620
-12 1 0.019239151
-12 -2 0.110807151
-12 2 0.000523587
-12 -3 0.168304447
-12 3 0.000562334
-12 -4 0.096156120
-12 4 0.017068641
-12 -5 0.007680252
-12 5 0.000223966
-12 -6 0.025591845
-12 6 0.002497234
-12 -7 0.054806859
-12 7 0.000000244
-12 -8 0.032896172
-12 8 0.000238707
-12 -9 0.108047584
-12 9 0.000000000
-12 -10 0.015957990
-12 10 0.007121463
-12 -11 0.000011799
-12 11 0.000012948
-12 -13 0.000232587
-12 13 0.000009975
-12 -14 0.030350613
-12 14 0.000002504
-12 -15 0.005401489
-12 15 0.000001654
-12 -16 0.000138029
-12 16 0.000000036
12 -1 0.233954281
12 1 0.000053377
12 -2 0.038900865
12 2 0.000069722
12 -3 0.053128893
12 3 0.000991267
12 -4 0.016134718
12 4 0.057614685
12 -5 0.000030548
12 5 0.000371396
12 -6 0.000269134
12 6 0.012937198
12 -7 0.000041390
12 7 0.000314700
12 -8 0.000395089
12 8 0.000476114
12 -9 0.009773331
12 9 0.000023536
12 -10 0.000000000
12 10 0.000000000
12 -11 0.000148747
12 11 0.221141859
12 -13 0.000610349
12 13 0.074536276
12 -14 0.000002048
12 14 0.122584373
12 -15 0.000177757
12 15 0.047931757
12 -16 0.102105619
12 16 0.005280970
-13 -1 0.008445345
-13 1 0.000356550
-13 -2 0.013317221
-13 2 0.000807324
-13 -3 0.012222220
-13 3 0.000645703
-13 -4 0.004027131
-13 4 0.015359431
-13 -5 0.000760823
-13 5 0.016313527
-13 -6 0.001355064
-13 6 0.003993641
-13 -7 0.043624674
-13 7 0.000001893
-13 -8 0.009480361
-13 8 0.000158318
-13 -9 0.141303665
-13 9 0.000000000
-13 -10 0.000062732
-13 10 0.016626558
-13 -11 0.283330890
-13 11 0.000001955
-13 -12 0.136730921
-13 12 0.000290277
-13 -14 0.019559242
-13 14 0.000017025
-13 -15 0.271206986
-13 15 0.000000444
-13 -16 0.000000024
-13 16 0.000000053
13 -1 0.001241465
13 1 0.019721446
13 -2 0.000017673
13 2 0.179835830
13 -3 0.000138104
13 3 0.111368378
13 -4 0.014794976
13 4 0.060149674
13 -5 0.040557350
13 5 0.000740991
13 -6 0.000207198
13 6 0.004839361
13 -7 0.000000000
13 7 0.003326224
13 -8 0.000000744
13 8 0.000630407
13 -9 0.000001743
13 9 0.000106042
13 -10 0.000000000
13 10 0.000000000
13 -11 0.000000001
13 11 0.000002704
13 -12 0.000000000
13 12 0.000822796
13 -14 0.000000009
13 14 0.026391862
13 -15 0.000000000
13 15 0.011353179
13 -16 0.000011345
13 16 0.523740500
-14 -1 0.049542649
-14 1 0.004399940
-14 -2 0.017162636
-14 2 0.012868594
-14 -3 0.020937845
-14 3 0.010618922
-14 -4 0.027178715
-14 4 0.005901256
-14 -5 0.710444548
-14 5 0.000000000
-14 -6 0.007297030
-14 6 0.001444446
-14 -7 0.011102125
-14 7 0.000029961
-14 -8 0.010130602
-14 8 0.000124118
-14 -9 0.034688268
-14 9 0.000000000
-14 -10 0.003512968
-14 10 0.003586157
-14 -11 0.000061203
-14 11 0.000003875
-14 -12 0.068478203
-14 12 0.000043294
-14 -13 0.000404241
-14 13 0.000022720
-14 -15 0.000000000
-14 15 0.000000009
-14 -16 0.000006800
-14 16 0.000008872
14 -1 0.085310068
14 1 0.000014690
14 -2 0.022550805
14 2 0.000026359
14 -3 0.050791281
14 3 0.000007398
14 -4 0.003819960
14 4 0.032730541
14 -5 0.000000000
14 5 0.000000000
14 -6 0.000091027
14 6 0.013052053
14 -7 0.000012984
14 7 0.000018054
14 -8 0.000098651
14 8 0.001058811
14 -9 0.001482721
14 9 0.000012538
14 -10 0.000000000
14 10 0.000000002
14 -11 0.000007654
14 11 0.128820265
14 -12 0.000000005
14 12 0.052439069
14 -13 0.000110950
14 13 0.010686859
14 -15 0.000000000
14 15 0.572588715
14 -16 0.024262835
14 16 0.000005705
-15 -1 0.024864504
-15 1 0.001167886
-15 -2 0.012261080
-15 2 0.003095158
-15 -3 0.014195356
-15 3 0.001586352
-15 -4 0.009377625
-15 4 0.031277515
-15 -5 0.008612100
-15 5 0.000502417
-15 -6 0.003314309
-15 6 0.008009937
-15 -7 0.009567673
-15 7 0.000015646
-15 -8 0.006252963
-15 8 0.000363794
-15 -9 0.040549400
-15 9 0.000000000
-15 -10 0.001385241
-15 10 0.016875721
-15 -11 0.000366880
-15 11 0.000021441
-15 -12 0.125196275
-15 12 0.000433584
-15 -13 0.000207052
-15 13 0.000012102
-15 -14 0.680487153
-15 14 0.000000000
-15 -16 0.000000779
-15 16 0.000000058
15 -1 0.066720696
15 1 0.002838331
15 -2 0.010828015
15 2 0.017658064
15 -3 0.050347131
15 3 0.002243088
15 -4 0.022836974
15 4 0.122625638
15 -5 0.000008587
15 5 0.000000000
15 -6 0.000060637
15 6 0.051693299
15 -7 0.000001366
15 7 0.005346308
15 -8 0.000038893
15 8 0.024680213
15 -9 0.000322776
15 9 0.000818295
15 -10 0.000000000
15 10 0.000000002
15 -11 0.000000036
15 11 0.385684480
15 -12 0.000000000
15 12 0.113404113
15 -13 0.000000076
15 13 0.117862199
15 -14 0.000000000
15 14 0.000000000
15 -16 0.003817441
15 16 0.000163340
-16 -1 0.037984272
-16 1 0.000035006
-16 -2 0.084765533
-16 2 0.000067283
-16 -3 0.020508347
-16 3 0.000032403
-16 -4 0.000960885
-16 4 0.000189494
-16 -5 0.000253604
-16 5 0.001096729
-16 -6 0.000455790
-16 6 0.000062972
-16 -7 0.010934138
-16 7 0.000000543
-16 -8 0.001153755
-16 8 0.000018109
-16 -9 0.058797990
-16 9 0.000000000
-16 -10 0.000010561
-16 10 0.000612497
-16 -11 0.198177485
-16 11 0.000013729
-16 -12 0.006741126
-16 12 0.000150518
-16 -13 0.469646299
-16 13 0.000000483
-16 -14 0.004681236
-16 14 0.000026853
-16 -15 0.102609871
-16 15 0.000012490
16 -1 0.000000002
16 1 0.204697948
16 -2 0.000000000
16 2 0.201829977
16 -3 0.000000000
16 3 0.308289665
16 -4 0.001521147
16 4 0.009086170
16 -5 0.026260117
16 5 0.000576874
16 -6 0.000000012
16 6 0.001668717
16 -7 0.000000000
16 7 0.003302790
16 -8 0.000000021
16 8 0.000061352
16 -9 0.000000000
16 9 0.000447519
16 -10 0.000000000
16 10 0.000000000
16 -11 0.000000000
16 11 0.000199654
16 -12 0.000000000
16 12 0.003027235
16 -13 0.000000000
16 13 0.000000000
16 -14 0.000000000
16 14 0.089518719
16 -15 0.000000000
16 15 0.149512081
0 -1 0.155754933
0 1 0.000006753
0 -2 0.021831556
0 2 0.000080437
0 -3 0.022642297
0 3 0.000032381
0 -4 0.003889072
0 4 0.003144047
0 -5 0.000357987
0 5 0.002067096
0 -6 0.000792701
0 6 0.000644179
0 -7 0.000823575
0 7 0.000000509
0 -8 0.001165203
0 8 0.000013550
0 -9 0.009877818
0 9 0.000000000
0 -10 0.000064924
0 10 0.355753200
0 -11 0.012315275
0 11 0.000053269
0 -12 0.000830564
0 12 0.003684159
0 -13 0.011485176
0 13 0.000002468
0 -14 0.000355655
0 14 0.000228121
0 -15 0.002112280
0 15 0.000044328
0 -16 0.389945707
0 16 0.000000779
