16
-1 -2 1.733098853e-05
-1 +2 2.654466576e-01
+1 -2 3.149995001e-02
+1 +2 5.588198463e-06
-1 -3 5.332381967e-01
-1 +3 1.723861239e-08
+1 -3 3.177634073e-11
+1 +3 2.818038761e-09
-1 -4 6.388850026e-04
-1 +4 3.350723438e-03
+1 -4 1.678079760e-02
+1 +4 2.645711136e-02
-1 -5 1.131448495e-04
-1 +5 1.375323427e-03
+1 -5 3.570451003e-02
+1 +5 1.494631673e-01
-1 -6 2.600755132e-04
-1 +6 1.403336251e-03
+1 -6 1.377194698e-03
+1 +6 9.038774476e-06
-1 -7 3.405941093e-02
-1 +7 2.072632328e-06
+1 -7 3.944258562e-13
+1 +7 2.057901691e-01
-1 -8 1.120652991e-04
-1 +8 4.167213639e-03
+1 -8 1.262292477e-01
+1 +8 4.758668294e-06
-1 -9 5.131281967e-12
-1 +9 8.245994972e-02
+1 -9 4.647275992e-02
+1 +9 1.069800554e-03
-1 -10 1.550808320e-03
-1 +10 1.725739630e-06
+1 -10 9.410638731e-10
+1 +10 1.116921581e-08
-1 -11 4.903455428e-05
-1 +11 9.239015248e-03
+1 -11 1.811872498e-02
+1 +11 5.796271513e-02
-1 -12 8.108031666e-05
-1 +12 1.560835287e-04
+1 -12 1.830876841e-06
+1 +12 7.603631201e-02
-1 -13 6.904380155e-05
-1 +13 3.088900803e-02
+1 -13 1.582138607e-02
+1 +13 4.375383821e-04
-1 -14 2.005478090e-04
-1 +14 4.578038937e-05
+1 -14 3.291067888e-02
+1 +14 7.680974150e-02
-1 -15 4.457375601e-05
-1 +15 3.397096397e-03
+1 -15 7.095200919e-02
+1 +15 5.672078020e-03
-1 -16 2.156918331e-07
-1 +16 2.763158322e-02
+1 -16 9.888148714e-04
+1 +16 3.424061166e-03
-2 -1 5.498509060e-04
-2 +1 1.927570060e-01
+2 -1 2.095288285e-04
+2 +1 4.707066071e-05
-2 -3 3.319578877e-07
-2 +3 5.239168245e-03
+2 -3 2.008364827e-02
+2 +3 2.761716286e-07
-2 -4 4.096235918e-02
-2 +4 3.342087656e-02
+2 -4 9.729539202e-03
+2 +4 1.169289567e-02
-2 -5 1.346141159e-02
-2 +5 2.022616777e-01
+2 -5 9.328751447e-04
+2 +5 6.198316201e-02
-2 -6 8.111968941e-04
-2 +6 7.435870676e-05
+2 -6 3.715444372e-03
+2 +6 6.677331744e-03
-2 -7 2.578612576e-09
-2 +7 8.489702325e-03
+2 -7 2.112984428e-01
+2 +7 8.971318263e-07
-2 -8 4.943698118e-04
-2 +8 3.223885177e-05
+2 -8 7.223707490e-04
+2 +8 2.727959925e-02
-2 -9 5.848500744e-04
-2 +9 1.337423736e-02
+2 -9 3.609046481e-12
+2 +9 3.143542624e-01
-2 -10 7.309475697e-11
-2 +10 1.900900201e-11
+2 -10 2.442890444e-02
+2 +10 1.900026508e-05
-2 -11 2.681055338e-02
-2 +11 5.534486845e-02
+2 -11 8.327729473e-04
+2 +11 8.089669655e-02
-2 -12 3.082792024e-09
-2 +12 2.480689404e-01
+2 -12 5.646857054e-03
+2 +12 9.922398996e-03
-2 -13 2.311170585e-03
-2 +13 1.220588750e-03
+2 -13 5.977951143e-05
+2 +13 1.527983056e-01
-2 -14 4.145321345e-03
-2 +14 7.969981379e-02
+2 -14 2.696950573e-03
+2 +14 1.192559259e-03
-2 -15 2.555598086e-02
-2 +15 2.416278935e-03
+2 -15 7.802197655e-04
+2 +15 4.177654650e-02
-2 -16 4.278996625e-03
-2 +16 3.763384497e-02
+2 -16 5.588506590e-07
+2 +16 1.022110532e-02
-3 -1 1.071853446e-06
-3 +1 1.612001797e-05
+3 -1 1.848653772e-06
+3 +1 3.536873057e-01
-3 -2 8.849381085e-05
-3 +2 2.821861157e-01
+3 -2 3.096637421e-01
+3 +2 2.919535296e-05
-3 -4 3.991709755e-04
-3 +4 9.490055833e-02
+3 -4 4.352763484e-07
+3 +4 5.984218148e-06
-3 -5 5.908902435e-04
-3 +5 1.111654081e-02
+3 -5 1.214918707e-03
+3 +5 3.069350042e-02
-3 -6 5.869298127e-05
-3 +6 3.809203394e-02
+3 -6 4.667772767e-09
+3 +6 1.336788631e-10
-3 -7 1.967220971e-01
-3 +7 1.165841886e-06
+3 -7 1.629236823e-09
+3 +7 7.782018665e-02
-3 -8 2.935703809e-04
-3 +8 2.619805506e-02
+3 -8 1.252155977e-02
+3 +8 6.112437231e-06
-3 -9 1.484214659e-11
-3 +9 1.870489328e-01
+3 -9 1.483614279e-04
+3 +9 1.386396891e-02
-3 -10 1.162188534e-02
-3 +10 1.442408858e-05
+3 -10 2.111179927e-13
+3 +10 3.712995067e-11
-3 -11 4.112748735e-04
-3 +11 3.634644222e-02
+3 -11 1.282452654e-03
+3 +11 7.438761476e-02
-3 -12 4.442064700e-04
-3 +12 2.165353169e-03
+3 -12 5.867609173e-06
+3 +12 4.305217536e-02
-3 -13 3.045437891e-04
-3 +13 6.120791539e-02
+3 -13 3.158041288e-03
+3 +13 7.577916010e-03
-3 -14 8.579736576e-04
-3 +14 3.160966020e-04
+3 -14 1.123345665e-02
+3 +14 2.586955269e-03
-3 -15 5.929813105e-04
-3 +15 1.085816896e-02
+3 -15 2.948684177e-04
+3 +15 2.496715003e-02
-3 -16 1.818196748e-06
-3 +16 3.714340611e-02
+3 -16 4.260101895e-05
+3 +16 3.175377475e-02
-4 -1 7.087815362e-02
-4 +1 1.245329556e-02
+4 -1 1.191654472e-01
+4 +1 3.415519295e-05
-4 -2 8.123784304e-03
-4 +2 3.239825050e-02
+4 -2 2.685133267e-04
+4 +2 1.531894226e-01
-4 -3 1.988071524e-03
-4 +3 9.426033345e-02
+4 -3 3.101887755e-02
+4 +3 2.704836289e-05
-4 -5 6.579520694e-10
-4 +5 3.964692228e-02
+4 -5 1.015522302e-01
+4 +5 1.174893187e-04
-4 -6 5.346415303e-01
-4 +6 3.663178639e-10
+4 -6 1.267418697e-04
+4 +6 2.011324686e-01
-4 -7 1.267605917e-05
-4 +7 1.258735870e-02
+4 -7 6.725951147e-03
+4 +7 1.242220533e-06
-4 -8 6.080661232e-02
-4 +8 1.091785585e-05
+4 -8 2.157547531e-04
+4 +8 1.298836937e-03
-4 -9 2.215354499e-04
-4 +9 5.990678555e-03
+4 -9 1.496564113e-15
+4 +9 2.532619092e-02
-4 -10 3.335962074e-13
-4 +10 4.849009958e-14
+4 -10 9.443113702e-04
+4 +10 2.018269945e-02
-4 -11 2.628766663e-04
-4 +11 1.700993621e-02
+4 -11 5.784387716e-04
+4 +11 1.150830363e-01
-4 -12 9.331166450e-06
-4 +12 1.547349043e-02
+4 -12 1.380192867e-02
+4 +12 7.537440989e-03
-4 -13 5.389429306e-04
-4 +13 9.271267640e-03
+4 -13 1.072214687e-02
+4 +13 7.716262162e-02
-4 -14 1.730725594e-05
-4 +14 4.134647455e-04
+4 -14 1.056383116e-02
+4 +14 6.269556363e-03
-4 -15 4.934957587e-05
-4 +15 1.526121953e-03
+4 -15 3.918367803e-03
+4 +15 2.722155893e-02
-4 -16 2.373790160e-04
-4 +16 8.117041091e-02
+4 -16 1.824159242e-03
+4 +16 6.398953224e-02
-5 -1 1.403901409e-01
-5 +1 7.734711770e-04
+5 -1 2.307428524e-02
+5 +1 5.773540651e-06
-5 -2 1.139089606e-02
-5 +2 5.611304906e-02
+5 -2 1.910486554e-05
+5 +2 4.158263332e-03
-5 -3 9.575172964e-02
-5 +3 1.224748309e-02
+5 -3 4.722237880e-03
+5 +3 1.416783550e-05
-5 -4 8.093592722e-07
-5 +4 1.489629428e-01
+5 -4 8.655738673e-02
+5 +4 1.435567027e-06
-5 -6 1.522546734e-05
-5 +6 9.624412935e-02
+5 -6 1.163570731e-02
+5 +6 9.307097758e-06
-5 -7 4.081562135e-02
-5 +7 2.197701660e-03
+5 -7 8.559410036e-06
+5 +7 2.044433929e-07
-5 -8 9.425632604e-06
-5 +8 4.983655380e-02
+5 -8 7.988175535e-04
+5 +8 5.455223221e-05
-5 -9 1.634134939e-19
-5 +9 9.439242801e-02
+5 -9 2.515383225e-06
+5 +9 6.680967111e-04
-5 -10 3.562217646e-05
-5 +10 9.639215433e-02
+5 -10 1.700757950e-09
+5 +10 6.987127881e-13
-5 -11 3.885128486e-05
-5 +11 9.414207666e-04
+5 -11 2.522269946e-02
+5 +11 1.346412041e-03
-5 -12 1.473600669e-01
-5 +12 1.695666633e-04
+5 -12 1.385390702e-06
+5 +12 2.475271092e-01
-5 -13 3.012336322e-03
-5 +13 1.720128637e-03
+5 -13 1.256698783e-03
+5 +13 1.701514921e-03
-5 -14 1.733442300e-19
-5 +14 1.791358980e-10
+5 -14 1.396479487e-11
+5 +14 5.417906662e-01
-5 -15 1.802928663e-06
-5 +15 1.688042411e-09
+5 -15 3.011990162e-02
+5 +15 3.985108754e-05
-5 -16 1.055770187e-03
-5 +16 1.306704991e-04
+5 -16 4.242781352e-05
+5 +16 1.922091664e-02
-6 -1 3.838757919e-02
-6 +1 1.405835311e-02
+6 -1 2.993643095e-02
+6 +1 2.229089234e-05
-6 -2 1.996908246e-02
-6 +2 1.525494029e-02
+6 -2 2.197358194e-04
+6 +2 3.232668057e-02
-6 -3 4.028402477e-04
-6 +3 1.998596876e-01
+6 -3 1.886737420e-02
+6 +3 5.813535010e-07
-6 -4 3.866627206e-09
-6 +4 7.706640118e-10
+6 -4 4.893829021e-12
+6 +4 1.985534983e-01
-6 -5 1.463977451e-07
-6 +5 4.246200588e-02
+6 -5 1.637628716e-02
+6 +5 5.578390086e-04
-6 -7 3.488702428e-07
-6 +7 9.544011823e-02
+6 -7 3.424536482e-05
+6 +7 1.767751954e-10
-6 -8 4.318818108e-01
-6 +8 3.720090198e-08
+6 -8 2.006298141e-07
+6 +8 9.053502724e-07
-6 -9 1.095839913e-02
-6 +9 7.560618018e-04
+6 -9 1.090473267e-20
+6 +9 6.109361245e-04
-6 -10 4.646592032e-17
-6 +10 3.684682021e-16
+6 -10 1.033992204e-04
+6 +10 4.425757995e-01
-6 -11 1.394583893e-04
-6 +11 1.681357312e-02
+6 -11 1.275861869e-03
+6 +11 9.667388549e-02
-6 -12 1.924424829e-06
-6 +12 2.369386903e-02
+6 -12 3.043040058e-02
+6 +12 3.209303747e-03
-6 -13 1.417516123e-03
-6 +13 8.141660900e-03
+6 -13 4.595177273e-03
+6 +13 3.586995229e-02
-6 -14 7.413493213e-06
-6 +14 1.190074091e-03
+6 -14 2.244489398e-02
+6 +14 8.624717085e-04
-6 -15 1.045945334e-04
-6 +15 7.883976026e-04
+6 -15 3.848221638e-04
+6 +15 3.885831647e-02
-6 -16 2.711414405e-03
-6 +16 7.555868802e-02
+6 -16 7.877668339e-06
+6 +16 2.520083220e-02
-7 -1 2.990045106e-04
-7 +1 3.888117045e-06
+7 -1 5.163720838e-05
+7 +1 3.965027497e-03
-7 -2 2.046098121e-04
-7 +2 6.096144677e-04
+7 -2 1.316976125e-01
+7 +2 1.394312550e-06
-7 -3 5.516443794e-04
-7 +3 4.659866499e-06
+7 -3 5.896864290e-08
+7 +3 5.320794903e-02
-7 -4 8.236966984e-03
-7 +4 6.534364890e-02
+7 -4 5.813131608e-05
+7 +4 3.825015912e-06
-7 -5 2.303170025e-03
-7 +5 9.522251817e-02
+7 -5 1.187708939e-06
+7 +5 8.336903148e-02
-7 -6 3.080610112e-04
-7 +6 1.522158211e-01
+7 -6 1.475640471e-09
+7 +6 1.520967446e-14
-7 -8 2.619200440e-07
-7 +8 5.294740720e-01
+7 -8 7.480274116e-14
+7 +8 7.351036590e-16
-7 -9 6.524845895e-16
-7 +9 1.916548499e-04
+7 -9 5.059525178e-01
+7 +9 4.027554986e-12
-7 -10 2.334957079e-02
-7 +10 3.008803856e-03
+7 -10 5.480262052e-18
+7 +10 7.702971462e-26
-7 -11 3.140476415e-03
-7 +11 3.494443379e-02
+7 -11 3.056608213e-03
+7 +11 3.310056286e-04
-7 -12 6.314290580e-03
-7 +12 2.221610651e-02
+7 -12 2.030198781e-11
+7 +12 9.258106776e-02
-7 -13 2.287603363e-04
-7 +13 1.193324435e-02
+7 -13 7.430495263e-02
+7 +13 2.154469622e-06
-7 -14 7.038426478e-03
-7 +14 3.198059656e-03
+7 -14 6.045128102e-07
+7 +14 1.244676660e-02
-7 -15 1.226939192e-03
-7 +15 2.670591671e-02
+7 -15 3.939796817e-03
+7 +15 1.742632392e-05
-7 -16 9.324065068e-07
-7 +16 1.724442828e-03
+7 -16 3.336531476e-02
+7 +16 1.645927900e-03
-8 -1 4.539951641e-03
-8 +1 6.586982329e-03
+8 -1 1.967016945e-03
+8 +1 8.402424139e-06
-8 -2 3.085663128e-02
-8 +2 8.685815011e-04
+8 -2 1.439756739e-03
+8 +2 1.809943479e-03
-8 -3 1.200488866e-04
-8 +3 5.670809306e-02
+8 -3 3.074255863e-03
+8 +3 3.271176312e-05
-8 -4 2.878193146e-05
-8 +4 1.051928412e-05
+8 -4 9.500301372e-04
+8 +4 1.884587748e-01
-8 -5 2.100572501e-07
-8 +5 8.825052884e-02
+8 -5 6.184760826e-03
+8 +5 2.475671778e-02
-8 -6 4.567566450e-10
-8 +6 2.314903002e-11
+8 -6 3.331870535e-06
+8 +6 4.775185404e-01
-8 -7 3.605814561e-12
-8 +7 4.728721018e-01
+8 -7 2.210364736e-06
+8 +7 5.178701951e-09
-8 -9 2.214367255e-01
-8 +9 2.006553277e-08
+8 -9 6.746125070e-19
+8 +9 2.657257564e-07
-8 -10 6.188529651e-20
-8 +10 2.824700863e-27
+8 -10 9.266805817e-04
+8 +10 1.817209984e-01
-8 -11 5.153433546e-04
-8 +11 2.564544897e-03
+8 -11 4.768394154e-03
+8 +11 2.766777072e-02
-8 -12 1.022608438e-08
-8 +12 5.708324509e-02
+8 -12 9.781836321e-03
+8 +12 1.665499116e-02
-8 -13 1.841143596e-02
-8 +13 2.933969040e-04
+8 -13 6.831388939e-04
+8 +13 8.443933269e-03
-8 -14 5.668753190e-07
-8 +14 1.128323847e-02
+8 -14 1.284595637e-02
+8 +14 6.785526607e-04
-8 -15 3.568017715e-04
-8 +15 4.910683952e-05
+8 -15 3.976491494e-04
+8 +15 2.713100100e-02
-8 -16 1.710051789e-03
-8 +16 2.545308111e-02
+8 -16 2.086154013e-05
+8 +16 2.071511518e-03
-9 -1 9.381737188e-05
-9 +1 5.611750139e-03
+9 -1 4.690234518e-04
+9 +1 1.361985384e-04
-9 -2 9.227746890e-02
-9 +2 1.782649526e-06
+9 -2 3.407946298e-03
+9 +2 1.084213869e-03
-9 -3 3.659121746e-06
-9 +3 2.787217448e-02
+9 -3 2.169408276e-03
+9 +3 7.286504991e-04
-9 -4 2.010535585e-04
-9 +4 4.008008644e-04
+9 -4 2.107376492e-02
+9 +4 7.756428488e-03
-9 -5 4.643845911e-07
-9 +5 1.901961108e-01
+9 -5 7.514791393e-04
+9 +5 5.452845588e-02
-9 -6 1.030843652e-07
-9 +6 2.628308235e-12
+9 -6 2.101316111e-03
+9 +6 1.562815344e-02
-9 -7 3.766713339e-21
-9 +7 2.376721469e-09
+9 -7 4.826708422e-01
+9 +7 2.341165502e-09
-9 -8 1.949010613e-16
-9 +8 3.510916938e-21
+9 -8 4.684489862e-07
+9 +8 3.162677199e-01
-9 -10 8.498749298e-20
-9 +10 2.497054157e-53
+9 -10 1.448391313e-02
+9 +10 1.041409251e-02
-9 -11 6.163704841e-02
-9 +11 5.564875233e-06
+9 -11 1.155571998e-03
+9 +11 1.426057017e-02
-9 -12 4.484492224e-14
-9 +12 1.623409175e-01
+9 -12 4.102555945e-03
+9 +12 1.654361383e-02
-9 -13 2.220591521e-01
-9 +13 9.607370511e-09
+9 -13 3.353410029e-04
+9 +13 5.064935070e-03
-9 -14 2.417633194e-09
-9 +14 1.285605297e-01
+9 -14 4.371772171e-03
+9 +14 1.445240863e-03
-9 -15 8.130013083e-02
-9 +15 2.862773356e-08
+9 -15 4.209976715e-04
+9 +15 1.841476505e-02
-9 -16 2.705972701e-02
-9 +16 3.777011113e-04
+9 -16 6.532177090e-06
+9 +16 2.060266011e-04
-10 -1 4.535573860e-03
-10 +1 5.540599671e-04
+10 -1 1.008780625e-01
+10 +1 1.860901699e-04
-10 -2 1.315874023e-02
-10 +2 1.035052190e-03
+10 -2 1.479122793e-05
+10 +2 9.416709803e-02
-10 -3 5.065935435e-04
-10 +3 1.236242967e-03
+10 -3 9.286498817e-02
+10 +3 1.830368276e-04
-10 -4 2.879738165e-01
-10 +4 9.429092522e-06
+10 -4 1.039745267e-04
+10 +4 2.372047827e-01
-10 -5 8.030249337e-08
-10 +5 2.297659265e-01
+10 -5 1.703394690e-02
+10 +5 4.036466286e-05
-10 -6 2.098320705e-01
-10 +6 3.251945738e-08
+10 -6 7.784457527e-07
+10 +6 8.237750247e-07
-10 -7 2.395699086e-06
-10 +7 9.793387521e-03
+10 -7 9.940671002e-04
+10 +7 9.021221284e-16
-10 -8 1.166725502e-01
-10 +8 2.053623515e-07
+10 -8 2.403159677e-15
+10 +8 1.286343591e-07
-10 -9 1.511283844e-02
-10 +9 1.291274812e-04
+10 -9 4.795150007e-113
+10 +9 1.438660319e-03
-10 -11 4.643109155e-03
-10 +11 5.415729843e-04
+10 -11 2.817634161e-06
+10 +11 1.434534277e-01
-10 -12 7.530616232e-07
-10 +12 8.364618191e-02
+10 -12 1.567371021e-01
+10 +12 4.112660149e-05
-10 -13 1.366418599e-03
-10 +13 3.518993286e-04
+10 -13 2.236040832e-05
+10 +13 6.568608809e-02
-10 -14 1.026220027e-06
-10 +14 6.092062584e-03
+10 -14 2.060562404e-02
+10 +14 3.861122668e-06
-10 -15 5.065568182e-03
-10 +15 3.848937385e-05
+10 -15 7.246230227e-08
+10 +15 5.137938934e-02
-10 -16 1.744251682e-04
-10 +16 7.760370535e-03
+10 -16 1.838851971e-06
+10 +16 1.695469761e-02
-11 -1 1.219632275e-01
-11 +1 6.493636030e-04
+11 -1 2.923940553e-02
+11 +1 1.652398190e-03
-11 -2 9.911014898e-03
-11 +2 3.088417156e-02
+11 -2 1.483130908e-03
+11 +2 1.741559368e-02
-11 -3 5.275315256e-02
-11 +3 1.701206738e-02
+11 -3 1.329522289e-02
+11 +3 3.512973813e-04
-11 -4 1.875485621e-01
-11 +4 3.836076449e-02
+11 -4 1.481290178e-02
+11 +4 5.288040913e-03
-11 -5 3.322375151e-04
-11 +5 6.146715871e-06
+11 -5 4.071768735e-03
+11 +5 2.905939727e-03
-11 -6 7.327745041e-02
-11 +6 7.295167904e-03
+11 -6 4.420715765e-03
+11 +6 7.819591764e-04
-11 -7 4.167035661e-06
-11 +7 6.149193160e-03
+11 -7 9.826738665e-03
+11 +7 2.755656008e-05
-11 -8 9.844401863e-03
-11 +8 9.988606597e-04
+11 -8 8.789530524e-04
+11 +8 3.962167208e-03
-11 -9 1.991593168e-03
-11 +9 3.876699611e-03
+11 -9 2.271130632e-13
+11 +9 5.553412766e-02
-11 -10 1.951732084e-09
-11 +10 3.213363265e-14
+11 -10 1.371368329e-02
+11 +10 5.447554346e-05
-11 -12 5.180096466e-15
-11 +12 5.165341022e-07
+11 -12 3.026655128e-01
+11 +12 2.197815660e-05
-11 -13 3.901356233e-01
-11 +13 6.812698147e-08
+11 -13 6.061708398e-05
+11 +13 9.367085614e-03
-11 -14 3.274184921e-10
-11 +14 4.010221054e-04
+11 -14 1.151015637e-01
+11 +14 7.304168523e-07
-11 -15 5.193131776e-04
-11 +15 1.082880058e-07
+11 -15 3.564702468e-07
+11 +15 3.930508008e-01
-11 -16 3.432325747e-02
-11 +16 1.176184663e-02
+11 -16 4.134662259e-07
+11 +16 1.486481190e-05
-12 -1 2.961146197e-01
-12 +1 1.923915149e-02
+12 -1 2.339542815e-01
+12 +1 5.337653351e-05
-12 -2 5.235867385e-04
-12 +2 1.108071514e-01
+12 -2 6.972169733e-05
+12 +2 3.890086532e-02
-12 -3 1.683044467e-01
-12 +3 5.623337141e-04
+12 -3 5.312889306e-02
+12 +3 9.912665502e-04
-12 -4 1.706864089e-02
-12 +4 9.615612022e-02
+12 -4 5.761468505e-02
+12 +4 1.613471818e-02
-12 -5 7.680251595e-03
-12 +5 2.239662478e-04
+12 -5 3.054841426e-05
+12 +5 3.713963801e-04
-12 -6 2.497233608e-03
-12 +6 2.559184535e-02
+12 -6 1.293719759e-02
+12 +6 2.691343228e-04
-12 -7 5.480685936e-02
-12 +7 2.436846296e-07
+12 -7 4.139031641e-05
+12 +7 3.147003926e-04
-12 -8 2.387065450e-04
-12 +8 3.289617154e-02
+12 -8 4.761136045e-04
+12 +8 3.950891580e-04
-12 -9 2.406234322e-17
-12 +9 1.080475837e-01
+12 -9 2.353588845e-05
+12 +9 9.773330863e-03
-12 -10 7.121463419e-03
-12 +10 1.595798970e-02
+12 -10 2.351518240e-10
+12 +10 1.687003423e-14
-12 -11 1.294840623e-05
-12 +11 1.179935238e-05
+12 -11 2.211418589e-01
+12 +11 1.487468244e-04
-12 -13 9.975219367e-06
-12 +13 2.325865936e-04
+12 -13 7.453627565e-02
+12 +13 6.103485482e-04
-12 -14 3.035061285e-02
-12 +14 2.504270577e-06
+12 -14 2.048469062e-06
+12 +14 1.225843731e-01
-12 -15 1.654423709e-06
-12 +15 5.401488620e-03
+12 -15 4.793175709e-02
+12 +15 1.777573662e-04
-12 -16 3.581964142e-08
-12 +16 1.380288999e-04
+12 -16 5.280970290e-03
+12 +16 1.021056188e-01
-13 -1 1.241464573e-03
-13 +1 1.972144593e-02
+13 -1 8.445344589e-03
+13 +1 3.565504927e-04
-13 -2 1.798358303e-01
-13 +2 1.767279146e-05
+13 -2 8.073236655e-04
+13 +2 1.331722056e-02
-13 -3 1.381035233e-04
-13 +3 1.113683780e-01
+13 -3 1.222222027e-02
+13 +3 6.457027813e-04
-13 -4 6.014967377e-02
-13 +4 1.479497634e-02
+13 -4 1.535943096e-02
+13 +4 4.027130504e-03
-13 -5 4.055734995e-02
-13 +5 7.409908322e-04
+13 -5 7.608229979e-04
+13 +5 1.631352652e-02
-13 -6 4.839360907e-03
-13 +6 2.071976910e-04
+13 -6 3.993641446e-03
+13 +6 1.355064306e-03
-13 -7 1.708628547e-11
-13 +7 3.326223862e-03
+13 -7 4.362467413e-02
+13 +7 1.893439491e-06
-13 -8 6.304072020e-04
-13 +8 7.439486310e-07
+13 -8 1.583178545e-04
+13 +8 9.480360968e-03
-13 -9 1.060419265e-04
-13 +9 1.742956103e-06
+13 -9 5.050014771e-14
+13 +9 1.413036650e-01
-13 -10 1.798139539e-11
-13 +10 4.220951645e-17
+13 -10 1.662655843e-02
+13 +10 6.273187899e-05
-13 -11 2.703798670e-06
-13 +11 1.258497726e-09
+13 -11 1.954771623e-06
+13 +11 2.833308898e-01
-13 -12 2.136822859e-19
-13 +12 8.227956363e-04
+13 -12 1.367309210e-01
+13 +12 2.902774990e-04
-13 -14 8.781890494e-09
-13 +14 2.639186188e-02
+13 -14 1.955924231e-02
+13 +14 1.702519674e-05
-13 -15 1.135317901e-02
-13 +15 2.542420302e-10
+13 -15 4.444434467e-07
+13 +15 2.712069864e-01
-13 -16 5.237404998e-01
-13 +16 1.134503190e-05
+13 -16 5.338652088e-08
+13 +16 2.429594380e-08
-14 -1 4.954264943e-02
-14 +1 4.399940477e-03
+14 -1 8.531006843e-02
+14 +1 1.468968085e-05
-14 -2 1.286859406e-02
-14 +2 1.716263554e-02
+14 -2 2.635925973e-05
+14 +2 2.255080465e-02
-14 -3 2.093784461e-02
-14 +3 1.061892173e-02
+14 -3 5.079128111e-02
+14 +3 7.398002114e-06
-14 -4 5.901256332e-03
-14 +4 2.717871494e-02
+14 -4 3.273054149e-02
+14 +4 3.819959638e-03
-14 -5 7.104445483e-01
-14 +5 3.252204223e-10
+14 -5 2.096815288e-11
+14 +5 5.639560822e-21
-14 -6 1.444445524e-03
-14 +6 7.297029852e-03
+14 -6 1.305205341e-02
+14 +6 9.102722381e-05
-14 -7 1.110212548e-02
-14 +7 2.996067035e-05
+14 -7 1.298350339e-05
+14 +7 1.805427534e-05
-14 -8 1.241182884e-04
-14 +8 1.013060227e-02
+14 -8 1.058811052e-03
+14 +8 9.865137205e-05
-14 -9 3.058702012e-16
-14 +9 3.468826815e-02
+14 -9 1.253841571e-05
+14 +9 1.482720683e-03
-14 -10 3.586156936e-03
-14 +10 3.512967825e-03
+14 -10 1.575429891e-09
+14 +10 9.065291678e-15
-14 -11 3.875442952e-06
-14 +11 6.120302765e-05
+14 -11 1.288202648e-01
+14 +11 7.653886619e-06
-14 -12 6.847820340e-02
-14 +12 4.329424199e-05
+14 -12 5.066954883e-09
+14 +12 5.243906875e-02
-14 -13 2.272047655e-05
-14 +13 4.042413390e-04
+14 -13 1.068685893e-02
+14 +13 1.109496470e-04
-14 -15 9.293861535e-09
-14 +15 2.961763976e-13
+14 -15 5.725887150e-01
+14 +15 1.054718512e-10
-14 -16 8.871789670e-06
-14 +16 6.800203237e-06
+14 -16 5.704593537e-06
+14 +16 2.426283545e-02
-15 -1 6.672069630e-02
-15 +1 2.838331080e-03
+15 -1 2.486450384e-02
+15 +1 1.167885787e-03
-15 -2 1.765806436e-02
-15 +2 1.082801514e-02
+15 -2 3.095158274e-03
+15 +2 1.226107979e-02
-15 -3 5.034713131e-02
-15 +3 2.243088304e-03
+15 -3 1.419535568e-02
+15 +3 1.586352365e-03
-15 -4 1.226256378e-01
-15 +4 2.283697407e-02
+15 -4 3.127751494e-02
+15 +4 9.377625174e-03
-15 -5 8.587025444e-06
-15 +5 2.944035367e-12
+15 -5 8.612099999e-03
+15 +5 5.024172705e-04
-15 -6 5.169329938e-02
-15 +6 6.063672930e-05
+15 -6 8.009937351e-03
+15 +6 3.314309406e-03
-15 -7 1.365837578e-06
-15 +7 5.346308103e-03
+15 -7 9.567672740e-03
+15 +7 1.564554716e-05
-15 -8 2.468021326e-02
-15 +8 3.889273058e-05
+15 -8 3.637941366e-04
+15 +8 6.252962906e-03
-15 -9 8.182953340e-04
-15 +9 3.227755624e-04
+15 -9 5.281153027e-14
+15 +9 4.054940031e-02
-15 -10 2.333196049e-09
-15 +10 2.316775725e-20
+15 -10 1.687572130e-02
+15 +10 1.385241340e-03
-15 -11 3.856844802e-01
-15 +11 3.569318252e-08
+15 -11 2.144061473e-05
+15 +11 3.668804699e-04
-15 -12 1.564502342e-12
-15 +12 1.134041135e-01
+15 -12 1.251962745e-01
+15 +12 4.335836554e-04
-15 -13 1.178621991e-01
-15 +13 7.561677860e-08
+15 -13 1.210180524e-05
+15 +13 2.070520132e-04
-15 -14 3.845501529e-16
-15 +14 4.711943210e-17
+15 -14 6.804871526e-01
+15 +14 4.525783119e-11
-15 -16 1.633400857e-04
-15 +16 3.817441151e-03
+15 -16 5.757462543e-08
+15 +16 7.786115197e-07
-16 -1 2.370523003e-09
-16 +1 2.046979485e-01
+16 -1 3.798427233e-02
+16 +1 3.500567877e-05
-16 -2 2.018299771e-01
-16 +2 9.681932273e-11
+16 -2 6.728303281e-05
+16 +2 8.476553275e-02
-16 -3 3.658691612e-10
-16 +3 3.082896651e-01
+16 -3 2.050834705e-02
+16 +3 3.240301119e-05
-16 -4 9.086169947e-03
-16 +4 1.521146545e-03
+16 -4 1.894938760e-04
+16 +4 9.608846239e-04
-16 -5 2.626011710e-02
-16 +5 5.768741549e-04
+16 -5 2.536044806e-04
+16 +5 1.096728828e-03
-16 -6 1.668716542e-03
-16 +6 1.192192673e-08
+16 -6 6.297187158e-05
+16 +6 4.557895636e-04
-16 -7 2.615230870e-21
-16 +7 3.302790124e-03
+16 -7 1.093413817e-02
+16 +7 5.429048854e-07
-16 -8 6.135193593e-05
-16 +8 2.097268470e-08
+16 -8 1.810854701e-05
+16 +8 1.153754704e-03
-16 -9 4.475185374e-04
-16 +9 2.520627132e-10
+16 -9 1.533910359e-12
+16 +9 5.879799011e-02
-16 -10 5.221127016e-15
-16 +10 6.091024460e-24
+16 -10 6.124971134e-04
+16 +10 1.056057742e-05
-16 -11 1.996537387e-04
-16 +11 3.605180325e-14
+16 -11 1.372933832e-05
+16 +11 1.981774852e-01
-16 -12 2.163555835e-28
-16 +12 3.027234753e-03
+16 -12 6.741125765e-03
+16 +12 1.505182704e-04
-16 -13 1.037435763e-22
-16 +13 3.561901618e-24
+16 -13 4.830958662e-07
+16 +13 4.696462994e-01
-16 -14 8.440358719e-16
-16 +14 8.951871915e-02
+16 -14 4.681235907e-03
+16 +14 2.685272019e-05
-16 -15 1.495120809e-01
-16 +15 2.683766236e-22
+16 -15 1.248995567e-05
+16 +15 1.026098711e-01
0 -1 1.557549332e-01
0 +1 6.752591207e-06
0 -2 8.043716968e-05
0 +2 2.183155553e-02
0 -3 2.264229692e-02
0 +3 3.238107700e-05
0 -4 3.144047403e-03
0 +4 3.889072155e-03
0 -5 3.579867197e-04
0 +5 2.067095985e-03
0 -6 6.441794765e-04
0 +6 7.927014648e-04
0 -7 8.235752800e-04
0 +7 5.089620140e-07
0 -8 1.354985250e-05
0 +8 1.165202838e-03
0 -9 1.519359937e-10
0 +9 9.877817828e-03
0 -10 3.557532004e-01
0 +10 6.492364108e-05
0 -11 5.326902446e-05
0 +11 1.231527490e-02
0 -12 8.305636456e-04
0 +12 3.684159108e-03
0 -13 2.468320200e-06
0 +13 1.148517606e-02
0 -14 3.556546621e-04
0 +14 2.281214801e-04
0 -15 4.432849594e-05
0 +15 2.112279629e-03
0 -16 7.789830141e-07
0 +16 3.899457070e-01
